Beta: 0.521429
Alpha:0.599215
G1: 0.077787
G2: 0.120644
Dist├óncias:
d1: 1.084518
d2: 0.930071
d3: 1.123340
d4: 0.882790