Beta: 0.797619
Alpha:0.525491
G1: -0.272128
G2: 0.323110
Dist├óncias:
d1: 0.796365
d2: 1.312520
d3: 1.350805
d4: 0.729544