Beta: 0.607143
Alpha:0.554536
G1: -0.052607
G2: 0.161679
Dist├óncias:
d1: 0.961090
d2: 1.064951
d3: 1.162870
d4: 0.839970