Beta: 0.811905
Alpha:0.554536
G1: -0.257368
G2: 0.366441
Distancias: 
d1: 0.828119
d2: 1.309677
d3: 1.390467
d4: 0.683839