Beta: 0.930952
Alpha:0.753014
G1: -0.177939
G2: 0.683966
Dist├óncias:
d1: 1.069390
d2: 1.362112
d3: 1.693341
d4: 0.362684