Beta: 0.859524
Alpha:0.525491
G1: -0.334033
G2: 0.385015
Dist├óncias:
d1: 0.769252
d2: 1.388481
d3: 1.424726
d4: 0.699846